0 0.446615 0.305420 0.099826 0.031738
0 0.568142 0.240845 0.099826 0.028564
0 0.621745 0.235596 0.086372 0.022949
0 0.736545 0.239136 0.086806 0.023682
0 0.042752 0.271118 0.030816 0.034424
1 0.973307 0.697266 0.053385 0.132812
1 0.656901 0.905151 0.630642 0.189697
1 0.453993 0.275757 0.105903 0.038330
1 0.297743 0.253174 0.113715 0.033203
1 0.655816 0.226074 0.078993 0.035645
1 0.096571 0.212280 0.093316 0.023682
1 0.137804 0.203979 0.083767 0.017822
1 0.185764 0.198364 0.077257 0.018311
1 0.189887 0.216064 0.088108 0.022949
2 0.360460 0.414795 0.523872 0.495605
